[gd_scene load_steps=9 format=2]

[ext_resource path="res://assets/Steve.tscn" type="PackedScene" id=1]
[ext_resource path="res://scripts/Steve.gd" type="Script" id=2]
[ext_resource path="res://new_env.tres" type="Environment" id=3]

[sub_resource type="BoxShape" id=1]

[sub_resource type="CubeMesh" id=2]

[sub_resource type="BoxShape" id=3]
extents = Vector3( 15, 1, 15 )

[sub_resource type="CubeMesh" id=4]
size = Vector3( 30, 2, 30 )

[sub_resource type="SpatialMaterial" id=5]
albedo_color = Color( 0, 1, 0, 1 )

[node name="Level" type="Spatial"]

[node name="Box1" type="RigidBody" parent="."]
editor/display_folded = true
transform = Transform( 0.802255, -0.596982, 0, 0.560352, 0.75303, -0.344893, 0.205895, 0.276692, 0.938642, 7.7315, 7.06317, -7.23913 )

[node name="CollisionShape" type="CollisionShape" parent="Box1"]
transform = Transform( 1, 0, 0, -4.09782e-08, 1, 0, 0, 0, 1, 0, 0, 0 )
shape = SubResource( 1 )

[node name="MeshInstance" type="MeshInstance" parent="Box1"]
mesh = SubResource( 2 )
material/0 = null

[node name="Floor" type="StaticBody" parent="."]
editor/display_folded = true
transform = Transform( 1, 0, 0, 0, 1, 0, 0, 0, 1, 0, -1, 0 )

[node name="CollisionShape" type="CollisionShape" parent="Floor"]
shape = SubResource( 3 )

[node name="MeshInstance" type="MeshInstance" parent="Floor"]
mesh = SubResource( 4 )
material/0 = SubResource( 5 )

[node name="Steve" parent="." instance=ExtResource( 1 )]
transform = Transform( 1, 0, 0, 0, 1, 0, 0, 0, 1, 0, 1, 0 )
script = ExtResource( 2 )

[node name="CameraTarget" type="Spatial" parent="Steve"]
transform = Transform( 1, 0, 0, 0, 0.949568, 0.31356, 0, -0.31356, 0.949568, 0, 4.74844, 6.9746 )

[node name="InterpolatedCamera" type="InterpolatedCamera" parent="."]
transform = Transform( 1, 0, 0, 0, 0.988108, -0.153764, 0, 0.153764, 0.988108, 0, 8.27168, 23.0804 )
environment = ExtResource( 3 )
target = NodePath("../Steve/CameraTarget")
speed = 2.0
enabled = true

[node name="DirectionalLight" type="DirectionalLight" parent="."]
transform = Transform( -0.679442, -0.537241, 0.499731, 0, 0.681084, 0.732205, -0.733729, 0.497491, -0.462757, 0, 9.059, 0 )
light_color = Color( 1, 0.85098, 0.619608, 1 )
light_energy = 1.5
shadow_enabled = true
